function m=beddington(t,y)
m=[ 0.83*y(1)*(1-y(1)/50)-14.5*y(1)*y(2)/(15*y(1)+16*y(2)+17);
    %0.0333*14.73*y(1)*y(2)/(15*y(1)+16*y(2)+17)-0.02*y(2)-0.001*y(2)^2;
    0.5*14.5*y(1)*y(2)/(15*y(1)+16*y(2)+17)-0.02*y(2);
]